
state={
	id=51
	name="STATE_51"
	resources={
		tungsten=1.000
	}

	history={
		owner = X67
		victory_points = {
			4561 15 
		}
		buildings = {
			infrastructure = 3
			industrial_complex = 6
			arms_factory = 0
			air_base = 10

		}
		add_core_of = CHI
		add_core_of = MAN
		add_core_of = MON
		add_core_of = V74
		add_core_of = W51
		add_core_of = W62
		add_core_of = X41
		add_core_of = X67
	}

	provinces={
		783 800 836 846 861 887 892 916 927 930 944 945 946 964 973 987 1150 1499 1502 1508 1545 1558 1567 1571 1588 1627 1638 1645 1693 1732 1776 1847 3783 3791 3815 3839 3849 3877 3888 3895 3913 3929 3932 3934 3944 3947 3949 3970 4503 4506 4551 4561 4572 4592 4633 4642 4649 4745 4809 4852 4876 5427 6804 6806 6811 6837 6851 6860 6863 6868 6893 6905 6910 6918 6947 6951 6964 6981 7523 7526 7569 7582 7591 7613 7652 7663 7670 7697 7743 7767 7812 7832 7848 7873 7894 7897 9623 9759 9766 9781 9782 9788 9798 9803 9831 9835 9841 9848 9854 9866 9883 9885 9897 9913 9928 10215 10368 10376 10379 10429 10433 10463 10503 10519 10521 10541 10567 10612 10638 10675 10698 11744 11764 11771 11781 11808 11815 11823 11836 11850 11862 11864 11886 11893 11903 11906 12337 12342 12355 12412 12443 12469 12478 12482 12485 12500 12537 12548 12618 12690 13150 
	}
	manpower=10459768
	buildings_max_level_factor=1.000
	state_category=megalopolis
}
